# Created by Octave 3.6.4, Fri Feb 21 22:00:23 2014 MSK <sypwex@PANDEMIC>
# name: B
# type: matrix
# rows: 9
# columns: 15
 0 112 0 112 -1 1 0 0.3846153846153846 0.00124804992199688 0.003117206982543641 0.0007802137785753295 0.02757637165698668 0.8461538461538461 0.0009363295880149813 0.03495630461922597
 2.75 448.25 2.75 444.25 0 2015.75 0.002367430341753726 0.7843137254901961 0.01688026021483528 0.04118137718428316 0.01061585420594308 0.09030942518344388 0.9494473791677096 0.6303058676654183 0.1387328339575531
 10 787.5 8.5 778 0 2413.5 0.01201877092300335 0.9285714285714286 0.02849899937393573 0.06710072476423332 0.01808050770348948 0.1138076297037506 0.9715010006260643 0.7562421972534332 0.2437578027465668
 17.5 1189 15.25 1185.25 2.25 2755.5 0.02157683964625396 1 0.05055262083229045 0.1087122756933116 0.03295765253612146 0.144894063209096 0.9831197397851648 0.861267166042447 0.3696941323345818
 51 3204 40 3202 20 3092 0.08661417322834646 Inf 0.1538461538461539 0.287958115183246 0.1049618320610687 Inf 0.9987519500780031 0.9650436953807741 0.9990636704119851
 12.4375 891.53125 10.515625 881.015625 1.921875 2310.546875 0.01571342640223464 NaN NaN NaN NaN NaN NaN 0.7244264981273409 0.2755735018726592
 12.70279934152749 604.725989864385 10.24306530803948 603.4723200129608 3.648459938197886 603.9336379418672 0.01757090270424988 NaN NaN NaN NaN NaN NaN 0.1880906795605318 0.1880906795605318
 1.13799686802357 1.430379567477505 1.023323212417433 1.452223676003049 2.493914102039898 -1.429103588044082 1.851350349861586 0 0 0 0 0 0 -1.451284683048933 1.451284683048929
 0.5700355509862494 2.59232476345859 0.2593060726311318 2.686129239949007 7.934493596533915 2.590598617427434 4.169184059704876 0 0 0 0 0 0 2.685668178889117 2.685668178889112


